182 103.381
4950 92.7979
6320 35.8126
8848 359.818
10224 95.244
14623 41.5104
20611 38.2587
20778 100964
22192 549.493
24238 62.6831
26661 31.748
28176 42.3307
32708 278.408
34955 461.573
35689 47.2155
38746 319.106
45763 8279.89
45774 1958.65
45985 32.5609
46002 8544.47
48284 34.1867
48298 225.488
48959 6981.44
50069 699.284
52186 4737.9
55334 1024.09
58011 188.862
61763 28.489
63989 35.8126
64487 402.149
69084 167.697
71934 56.9779
71952 53.7262
81227 188.862
83951 40.6974
84995 26.8631
85007 137.575
96410 20383.5
104215 187.229
104971 500.652
107360 897.096
109071 26.0502
111638 44.7694
116202 51.2801
116225 72.4454
120675 139.2
121302 34.9997
124282 122.107
127860 87.1001
127866 262.128
127884 114.776
133827 206.768
133845 382.609
135446 1217.02
136629 376.912
140977 289.796
146989 52.9133
148530 69.1938
152617 29.3019
152628 166.064
152644 36.6329
157585 113.143
157594 461.573
160416 532.393
163880 26.8631
166754 44.7694
168449 26.8631
172722 244.214
173670 29.3019
174478 1737.22
175151 50.4672
177320 26.0502
177798 257.243
179090 191.301
180663 127.805
180684 56.165
186901 47.2155
200231 40.6974
201686 31.748
202687 130.251
206817 299.574
210531 163.625
210993 32.5609
212106 551.932
213543 54.5392
215381 83.0281
220507 27.676
225050 28.489
227022 32.5609
232652 88.7333
232897 45.5823
233047 28.489
233884 43.1436
236915 27.676
237185 148.97
244691 249.919
244727 699.276
247045 73.2657
256357 196.999
256376 312.603
259482 997.217
262392 62.6831
264686 52.1004
265795 154.668
265812 880.001
271625 28.489
272689 113.15
273800 584.5
274078 29.3019
276261 26.0502
287624 42.3307
294567 84.6613
297565 387.487
299340 191.301
300837 253.977
303973 133.503
304318 818.139
304383 416.781
309061 29.3019
314536 87.1001
324069 108.265
326173 168.51
326669 905.239
330759 43.9565
332947 90.3518
332971 374.465
335755 92.7979
335784 33.3738
335824 26.0502
337220 39.0716
337392 61.0499
338429 6664.78
338438 3698.32
342657 30.9277
345005 266.192
345655 1558.92
345983 27.676
349299 95.244
350907 31.748
355360 63.496
356805 53.7262
360199 68.3809
362212 25.2299
366013 775.801
369202 30.9277
369337 34.1867
372817 97.6827
375854 237.704
380815 168.51
380823 614.622
380834 32.5609
382729 43.1436
385054 34.9997
387422 180.718
388999 1679.41
389017 963.851
390244 306.897
390605 26.0502
397418 65.1218
398845 25.2299
399736 188.855
400487 30.9277
400803 39.0716
403445 25.2299
405058 429.817
410916 40.6974
413633 55.3521
416782 247.473
419678 87.1
419692 70.8196
422574 105.827
422593 166.884
422729 45.5823
433197 948.382
435742 367.955
436132 113.15
436156 909.296
445221 196.999
445255 79.7765
454415 25.2299
454429 62.6831
457227 39.0716
457587 26.0502
465762 129.431
472048 34.1867
473166 38.2587
474904 161.999
475037 782.311
476880 189.675
477297 51.2801
477632 36.6329
478667 796.153
478692 39.8845
479673 1272.38
479732 84.6613
479805 37.4458
479812 179.092
481028 49.6543
481511 194.553
481534 27.676
481549 40.6974
482703 3929.51
483494 3331.17
484176 37.4458
484582 20424.2
485742 60.2369
486833 68.3734
486843 44.7694
488210 20797.9
495197 85.4742
499216 394.005
500262 32.5609
502218 110.712
507747 104.201
508349 38.2587
509638 618.68
509770 70.0067
513998 248.286
518582 126.172
519042 54.5392
519102 35.8126
520286 85.4742
521826 26.8631
523927 26.0502
526709 291.437
527065 65.9347
533823 3126.83
534993 33.3738
535016 39.0716
536806 51.2801
553828 62.6831
555712 64.3089
560776 35.8126
561664 91.9849
562396 684.622
568762 363.062
575737 38.2587
581827 249.919
586037 55.3447
594920 42.3307
595259 46.3952
596466 36.6329
602338 155.481
616530 42.3307
618714 129.431
622847 1182.84
622873 39.0716
626171 28.489
639777 154.668
641904 25.2299
641929 1666.4
644635 29.3019
648331 30.1148
660052 28.489
662195 58.6111
668251 173.395
680831 43.1436
681796 26.8631
681936 200.258
691801 80.582
692957 26.8631
701735 40.6974
708928 33.3738
710820 27.676
719555 798.6
719648 35.8126
720456 96.0569
729790 238.516
733748 1983.89
735123 572.285
748440 13215.7
748907 96.0569
748934 27.676
751505 74.0787
754342 102.568
757263 1328.56
761108 117.222
763406 411.098
765670 30.1148
772904 417.616
774321 6357.88
780023 7690.51
793099 2954.25
795906 82.2152
796828 580.428
799561 39.0716
804886 154.661
804963 6440.11
811319 4385.39
822935 3849.72
824421 25.2299
824823 179.905
837822 26.0502
839805 315.041
840033 246.66
840128 25.2299
841686 38.2587
841781 39.8845
845474 41.5104
846445 751.384
850489 1101.42
851443 268.639
856242 57.7982
863009 65.1218
865011 359.81
870486 142.452
870506 212.459
871615 30.9277
871636 55.3447
871734 34.9997
872331 3038.09
872364 2962.4
877557 30.9277
884929 7437.35
885244 79.7765
886139 36.6329
896050 52.9133
896849 38.2587
901391 96.0495
901399 36.6329
907489 70.8196
915114 31.748
915248 48.0285
917262 29.3019
920412 59.424
920752 78.9635
921483 35.8126
921517 289.797
921719 34.1867
935113 507.162
938853 538.098
938895 577.154
938924 152.222
939592 34.1867
942431 414.357
948371 51.2801
950400 217.351
952032 227.121
952957 26.0502
954035 214.099
954956 172.574
961712 162.812
964756 59.424
973965 47.2155
977149 26.0502
988254 25.2299
995262 37.4458
1002605 114.784
1003657 34.1867
1012943 33.3738
1015468 44.7694
1015476 33.3738
1015494 126.992
1034416 102.56
1037321 47.2155
1039379 48.0285
1042042 12970.5
1045929 61.0499
1046049 83.841
1051379 37.4458
1052479 64.3089
1052490 25.2299
1052950 39.0716
1057044 2579.77
1066385 38.2587
1066846 1166.57
1081336 34.9997
1084245 105.827
1085109 30.1148
1085133 163.625
1092301 43.9565
1094537 90.3591
1094627 81.4023
1104408 330.501
1104453 200.258
1104472 133.503
1111621 244.214
1111734 94.4237
1111746 942.685
1112479 32.5609
1113467 583.687
1113518 157.92
1113528 532.4
1129246 34.1867
1132924 50.4672
1133411 779.873
1134996 64.3089
1139986 26.0502
1143085 444.465
1144256 65.1218
1150347 44.7694
1150608 67.5606
1150624 25.2299
1159111 117.215
1159498 139.201
1159977 31.748
1163507 43.1436
1165953 30.9277
1169472 91.9849
1169505 70.8196
1176040 537.285
1187089 58.6111
1187887 322.365
1187916 37.4458
1188454 273.523
1191129 123.733
1191490 888.145
1194584 68.3809
1197681 183.164
1199264 529.141
1204066 9597.08
1207310 1962.72
1207983 161.179
1208044 783.945
1209970 211.653
1210002 486.802
1213560 3424.79
1219504 372.839
1223216 28.489
1224371 241.775
1231252 96.8698
1234549 93.6107
1238481 34.9997
1244920 25.2299
1248754 47.2155
1249199 62.6831
1261273 36.6329
1261605 62.6757
1261648 44.7694
1291707 558.442
1293510 25.2299
1294552 76.5174
1294635 67.5606
1309348 127.798
1309935 162.812
1316735 74.8916
1322883 31.748
1328779 879.189
1330816 65.9347
1342464 38.2587
1344645 93.6182
1345792 99.3086
1348142 3556.67
1348168 1059.91
1360109 40.6974
1361183 38.2587
1362161 102.568
1367636 106.632
1369250 297.948
1372338 30.1148
1375823 1007.81
1376338 101.755
1380053 26.8631
1381335 26.0502
1381461 137.575
1381514 44.7694
1386195 83.0281
1386582 724.506
1387892 52.1004
1395760 26.0502
1397324 100.129
1397407 122.107
1404909 2324.15
1405781 47.2155
1406957 192.114
1412590 232.006
1413966 42.3307
1415667 32.5609
1419994 48.0285
1422101 210.027
1422126 83.8484
1423037 297.128
1430284 34.9997
1441347 341.091
1446318 133.503
1463978 37.4458
1480268 105.014
1481752 630.09
1486803 111.524
1487013 40.6974
1487505 528.321
1492300 697.658
1497192 43.9565
1503733 59.424
1503810 117.222
1510140 39.0716
1512455 731.845
1513286 70.0067
1520573 6333.46
1523512 49.6543
1524403 1357.05
1525525 79.7765
1529754 1228.41
1536615 950.008
1540820 30.1148
1544231 756.269
1544242 414.357
1544959 28.489
1545017 202.696
1545702 26.0502
1550033 116.409
1557673 65.9347
1571956 458.321
1572404 65.1218
1586401 437.156
1588755 33.3738
1593749 43.1436
1602629 25.2299
1607996 27.676
1620275 34.1867
1622825 183.977
1628204 12095.5
1630483 96.8698
1631476 26.8631
1634092 56.9779
1643646 72.4454
1650203 537.278
1654917 26.0502
1659436 25.2299
1664387 160.366
1665320 125.366
1672248 85.4742
1673780 30.9277
1676481 58.6037
1692425 445.292
1694028 27.676
1699611 1204.01
1704510 256.43
1714831 26.8631
1719242 39.8845
1720510 185.603
1724551 1283.78
1733379 637.399
1741089 127.798
1744933 407.846
1747415 30.9277
1751588 568.213
1764746 55.3521
1765575 1217.01
1768356 62.6831
1781935 95.244
1782994 45.5823
1797532 104.201
1797603 690.327
1810358 576.356
1810374 83.0282
1812350 1943.99
1812873 113.15
1835742 30.9277
1835749 34.9997
1837596 52.9133
1838743 31.748
1844628 100.129
1845497 67.5605
1846948 31.748
1856264 84.6613
1858244 56.9779
1859797 32.5609
1859810 86.2872
1860658 32.5609
1860681 57.7982
1865692 33.3738
1869144 38.2587
1870669 30316.8
1881662 36.6329
1887115 43.1436
1889650 45.5823
1895262 255.617
1896232 221.423
1900026 48.8414
1901978 337.832
1906818 261.315
1912079 55.3521
1913157 77.3303
1913211 93.6182
1913220 360.631
1918219 50.4672
1921111 196.178
1923633 31.748
1926746 33.3738
1949821 216.53
1972416 66.7477
1974744 40.6974
1988620 459.939
1995373 26.8631
1995584 45.5823
2006112 1356.23
2009972 31.748
2012963 126.179
2014204 218.164
2044398 114.784
2055457 41.5104
2056607 135.949
2061153 4137.92
2062917 56.165
2068017 26.0502
2068147 302.833
2068210 82.2152
2069188 46.3952
2072478 1581.74
2075485 373.652
2076391 133.503
2085486 406.213
2086832 2425.91
2088024 351.674
2095736 380.163
2097000 59.424
2103425 44.7694
2103786 1603.71
2107966 83.0281
2107997 26.8631
2114421 84.6539
2115410 104.201
2115485 439.595
2119154 29.3019
2125336 57.7982
2127026 29.3019
2127442 2398.24
2129148 503.083
2132225 41.5104
2137467 243.401
2137476 126.985
2139721 96.057
2141062 303.646
2141485 81.4023
2143721 463.198
2144431 116.395
2145090 26.0502
2147259 720.449
2149307 55.3521
2150732 34.9997
2150936 62.6831
2152484 2997.41
2154259 249.912
2156488 51.2801
2156896 1431.93
2156903 1763.28
2157033 389.933
2158021 2648.97
2164224 114.784
2172765 78.9635
2172779 199.445
2173911 56.9779
2177463 25.2299
2180551 63.496
2180981 23483.5
2183530 93.6108
2183585 82.2152
2185201 2828.89
2185233 1270.73
2185327 620.313
2186903 574.723
2188477 6156.81
2188650 95.244
2196539 68.3809
2196580 120.481
2204981 5390.76
2206153 38.2587
2210274 73.2657
2213484 109.078
2214021 28.489
2214526 1218.66
2215544 13289.7
2219445 1892.71
2220334 32.5609
2222874 41.5104
2222887 47.2155
2222910 400.508
2222954 1490.55
2226901 389.12
2226927 70.8196
2230464 105.819
2232757 3811.47
2232784 10919.1
2233788 28.489
2237616 314.221
2243633 109.078
2243642 253.984
2245406 220.61
2246122 45.5823
2246132 32.5609
2250216 224.682
2250555 92.7979
2252952 46.3952
2253424 10836.9
2260265 4558.79
2261356 934.548
2266441 28.489
2270477 31.748
2271207 38.2587
2276075 923.966
2276144 3315.7
2279218 1604.52
2279316 7785.75
2288296 26.8631
2293181 86.2872
2294226 30.9277
2294254 4845.34
2294326 1564.63
2300083 38.2587
2300344 47.2155
2300534 445.292
2300568 3800.87
2301493 192.926
2304040 111.524
2308468 909.311
2309254 57.7982
2313845 38.2587
2316118 1598.83
2321942 64.3089
2324630 224.682
2324664 61.8628
2340394 146.531
2348507 65.1218
2348524 293.063
2349727 32.5609
2351826 73.2657
2353010 1115.27
2354232 316.667
2358905 289.804
2359343 26.0502
2361984 113.963
2364406 157.114
2365242 46.3952
2365594 28.489
2366176 586.125
2373005 30.9277
2374657 1800.72
2374841 257.243
2375095 1133.17
2379662 65.9347
2379676 33.3738
2386459 34.1867
2390968 499.019
2391632 1129.12
2392475 866.98
2394657 560.076
2396053 718.823
2396146 144.085
2397182 8563.21
2402321 50.4672
2402426 283.294
2407216 56.165
2408993 16581
2409363 134.316
2411346 43.1436
2411359 50.4672
2412820 248.279
2413455 665.91
2418179 29.3019
2418642 249.099
2421905 203.509
2423769 153.855
2426638 29.3019
2434069 26.0502
2435374 40.6974
2435662 834.42
2437401 56.165
2438331 59.424
2449306 846.628
2458404 114.784
2461605 99.316
2463361 229.567
2469275 879.182
2470204 57.7982
2470214 247.473
2475422 398.89
2478126 619.507
2478179 589.385
2479793 113.15
2479804 56.165
2479823 29.3019
2480674 33.3738
2480978 202.689
2482715 789.628
2484878 50.4672
2493318 286.552
2498597 196.186
2505113 90.3591
2509131 120.481
2516843 348.408
2517033 85.4742
2518237 29.3019
2520849 48.0285
2521312 274.336
2521324 243.394
2521571 39.8845
2527808 62.6831
2527826 4483.09
2529411 1580.1
2538508 3323.83
2539365 34.1867
2543376 595.083
2545388 30.1148
2546181 161.984
2548826 78.9635
2558195 124.546
2558254 559.255
2558267 130.251
2559208 118.035
2559354 66.7477
2560042 479.472
2560117 316.667
2560823 262.933
2560837 165.25
2560848 394.004
2564496 312.603
2564507 2329.83
2564827 143.273
2564837 32.5609
2565861 16576.1
2565884 10597.6
2566090 26.8631
2567822 135.949
2568784 81.4023
2570970 218.164
2571934 125.359
2575102 360.631
2578748 70.0067
2585456 42.3307
2589559 26.8631
2589827 2234.62
2593429 52.9133
2597453 979.325
2601746 51.2801
2603805 1045.23
2604192 61.0499
2604711 111.524
2605028 424.127
2605120 65.9347
2605130 43.1436
2607381 2795.5
2607397 1644.41
2608458 28.489
2608643 118.841
2609899 309.343
2609906 52.9133
2611053 31.748
2611637 41.5104
2611869 30.1148
2611964 207.581
2612245 205.135
2619984 1162.48
2620783 412.731
2630321 228.747
2631905 90.3444
2635093 488.436
2637015 65.1218
2640276 133.503
2653520 837.671
2655899 30.9277
2663290 167.689
2663299 48.0285
2663541 41.5104
2666045 1752.69
2666910 58.6111
2666918 448.544
2670957 28.489
2670975 80.5894
2672357 58.6111
2672389 32.5609
2673478 166.064
2676250 875.937
2676283 242.581
2676402 317.48
2676433 449.35
2676499 56.165
2680406 32.5609
2680945 26.8631
2681158 345.969
2687079 27.676
2690727 597.522
2692741 1152.72
2694497 39.8845
2696372 2591.18
2696466 1028.97
2700909 226.308
2703112 586.127
2703649 30.9277
2710554 2093.76
2712103 210.027
2713165 464.824
2721236 151.416
2721502 187.229
2722962 228.747
2723255 28.489
2725003 53.7262
2725781 25.2299
2727659 3949.87
2729204 26.8631
2733390 56.9779
2735769 30.1148
2739206 61.8628
2743618 28.489
2744422 9207.95
2744457 2210.19
2745402 144.085
2747566 250.725
2753826 184.79
2753841 30.9277
2761128 26.8631
2761162 183.977
2762714 31.748
2773187 30.1148
2773216 690.312
2774920 1536.96
2775845 1085.14
2778327 210.027
2781007 196.186
2785185 32.5609
2793649 63.496
2800019 350.861
2800694 41.5104
2800722 91398.2
2811605 42.3307
2813182 75.7045
2817327 43.1436
2817921 3103.22
2818575 888.146
2822731 550.307
2824573 142.452
2824887 25.2299
2825121 171.769
2830170 48.0285
2830189 135.949
2832646 192.934
2843304 87.1001
2847042 436.328
2848045 735.104
2848052 593.457
2862103 47383.8
2868265 50.4672
2869567 4005.22
2874621 26.0502
2875935 197.819
2877939 51.2801
2881568 26.8631
2885684 122.107
2885832 113.15
2889018 69.1938
2889663 53.7262
2889874 73.2657
2889918 289.804
2895210 109.078
2895859 39.0716
2897172 62.6831
2897194 26.0502
2897814 100.942
2898928 137.567
2908936 56.165
2910147 624.392
2914898 94.4311
2917951 108.265
2919278 1246.34
2924789 107.452
2924855 26.0502
2926088 127.798
2926657 71.6325
2927759 32.5609
2933943 50.4672
2934443 288.991
2934457 225.495
2936239 316.668
2936251 72.4454
2936633 354.925
2936890 47.2155
2938499 33.3738
2939202 84.6613
2939222 44.7694
2940670 139.2
2941003 74.8916
2941162 56.165
2942597 216.538
2943673 847.441
2944906 133.503
2944915 303.646
2945571 57.7982
2946531 38.2587
2960792 52.9133
2965608 746.492
2966905 184.79
2967204 48.0285
2967588 29.3019
2974312 736.729
2976192 27.676
2976239 129.431
2976403 62.6831
2976725 382.602
2979655 857.211
2979865 4654.85
2979890 19967.5
2980021 86.2798
2980257 397.249
2984834 1147
2985133 29.3019
2990119 446.918
2990138 607.284
2996694 25.2299
2997483 68.3809
2998223 128.618
2998264 691.14
3000301 2733.63
3000314 3319.75
3000365 15626.9
3004585 474.602
3006741 105.014
3010116 91.172
3013084 26.8631
3036240 149.783
3038002 140.013
3042730 44.7694
3047025 60.2369
3056212 1227.62
3069410 206.768
3082478 293.876
3086642 58.6111
3091427 46.3952
3091482 483.551
3091871 258.056
3092768 30.1148
3093786 118.848
3097187 2758.07
3098651 77.3304
3118670 113.963
3119822 15652.2
3122738 717.183
3122848 1055.85
3128095 1430.32
3131862 3175.68
3134495 25.2299
3135833 547.054
3136372 26.0502
3142459 557.629
3150221 132.69
3152957 52.1004
3155538 73.2657
3156322 94.4311
3164513 108.265
3164911 32.5609
3165273 83.0281
3165528 100.129
3167875 29.3019
3168107 53.7262
3168114 35.8126
3168464 1666.4
3180223 839.304
3184722 180.719
3188065 64.3015
3189129 4202.23
3193050 211.645
3197729 37.4458
3198374 63.4886
3198774 7692.16
3203051 25.2299
3205394 37.4458
3210677 34.9997
3215042 5684.65
3216806 51.2801
3217571 57.7982
3219449 32.5609
3219463 52.1004
3226675 476.227
3228841 661.018
3230646 216.531
3230664 337.019
3230740 363.883
3230751 1077
3234414 57.7982
3239253 288.991
3240247 5903.63
3243963 1234.94
3245026 74.0787
3249241 186.416
3251103 647.996
3251405 29.3019
3256478 41.5104
3260928 96.8698
3261779 72.4454
3264597 232.006
3265383 32.5609
3267310 78.9635
3267934 100.129
3268869 34.9997
3271345 122.107
3279712 6900.04
3279737 8674.69
3279769 2954.25
3280865 84.6613
3281518 1063.98
3281528 100.942
3285826 65.1218
3285917 30.1148
3294102 30.1148
3294109 25.2299
3294538 425.753
3296437 234.445
3299103 26.0502
3320694 64.3089
3320704 83.8484
3320740 818.131
3327748 95.244
3330364 30.1148
3338109 446.105
3342315 76.5174
3344053 48.0285
3353664 419.234
3353688 84.6539
3355001 88.7333
3355485 72.4454
3355531 88.7259
3358604 496.572
3361660 115.596
3363139 80.5894
3363888 112.337
3370770 61.8628
3376208 156.301
3377926 111.524
3386972 46.3952
3386990 84.6613
3387038 113.963
3392071 30.1148
3392151 2273.68
3401867 30.1148
3409490 56.9779
3413590 911.742
3415376 34.9997
3416757 175.833
3416764 374.473
3417798 33.3738
3419648 1585.8
3423190 37.4458
3427074 40.6974
3433012 77.3303
3433055 407.846
3433069 70.0067
3433088 126.179
3433751 29.3019
3436996 70.8196
3438213 65.1218
3443959 33.3738
3446265 29.3019
3447942 78.1432
3450975 67.5606
3453744 253.977
3456741 40.6974
3457076 60.2369
3464543 13918.1
3479477 31.748
3483753 696.025
3484262 1259.35
3486968 70.0067
3486978 47.2155
3487196 431.45
3487601 505.529
3488390 1703.83
3498737 74.8916
3506503 26.8631
3506537 52074.5
3511371 49.6543
3511381 66.7477
3512258 39.0716
3513795 44.7694
3516442 704.967
3519219 720.449
3520741 29.3019
3522811 56.9779
3531240 113.143
3533067 148.97
3535101 34.9997
3535110 59.424
3535125 2311.14
3535969 33.3738
3535977 48.0285
3540545 747.312
3546114 1529.63
3547229 56.165
3547236 293.063
3547570 680.557
3550622 45.5823
3552556 7586.32
3554362 30.1148
3557108 51.2801
3557206 52.1004
3558134 106.64
3561234 238.516
3568858 1435.99
3569503 3566.44
3571106 331.322
3571141 273.523
3572233 259.682
3573867 175.02
3576727 5305.29
3577687 456.68
3577696 802.664
3578625 763.578
3582723 259.667
3582735 130.251
3587997 39.0716
3590120 149.776
3590131 180.718
3590219 65.9347
3590244 75.7045
3592579 26.0502
3593296 4090.69
3594185 3296.14
3596477 25.2299
3603431 30.1148
3605778 25.2299
3605856 26.8631
3615491 65.9347
3615969 57.7982
3621642 38.2587
3621854 30.9277
3628126 65.1218
3628203 30.9277
3629507 85.4742
3637582 153.034
3638861 123.733
3639754 464.019
3639786 1773.03
3646554 384.235
3648077 46.3952
3648524 40.6974
3649471 964.663
3650782 652.881
3651680 25.2299
3653120 157.927
3655137 1466.95
3658564 50.4672
3659596 3386.53
3661494 61.0499
3661505 266.2
3663995 799.398
3664061 216.53
3666472 1033.05
3671907 1049.33
3672713 39.8845
3675505 39.8845
3676595 20451.9
3684904 196.178
3692168 43.1436
3697019 159.553
3702213 26.0502
3711204 73.2657
3711222 150.596
3713862 231.193
3713873 65.9347
3718676 60.2369
3719376 6616.76
3719677 141.647
3720281 368.767
3720825 50.4672
3721325 32.5609
3725204 35.8126
3725371 48.0285
3727648 223.049
3727854 81.4023
3730192 64.3089
3734884 33.3738
3739847 28.489
3739859 1004.55
3742209 5603.24
3744742 26.0502
3744802 23573.9
3747843 41.5104
3757600 34.9997
3759238 200.258
3759323 46.3952
3760267 474.602
3762321 9543.35
3764139 7184.98
3765182 165.251
3767304 83.8484
3778826 78.1506
3780218 34.1867
3781500 48828.8
3785405 33.3738
3785763 109.078
3785973 79.7765
3786307 31.748
3786919 1896.77
3792654 83.0281
3797928 2032.73
3798024 19541.8
3798153 113.963
3798300 1300.06
3798381 189.667
3798967 284.106
3804564 33.3738
3816154 531.587
3818454 7663.65
3820558 55.3521
3821166 41.5104
3821174 25.2299
3821519 66.7477
3824817 2877.74
3830272 229.559
3830759 529.141
3833215 159.546
3834178 2812.61
3834204 409.472
3837889 218.977
3839489 39.8845
3843788 376.091
3843816 49.6543
3853337 529.141
3854765 42.3307
3857869 462.386
3859858 6589.09
3861529 257.235
3863779 42.3307
3869142 2613.97
3869514 36.6329
3869525 303.646
3871470 34.9997
3871602 170.135
3873677 83.0281
3873745 72.4454
3877095 306.085
3877603 50.4672
3877617 431.451
3878398 48.8414
3878405 61.0499
3879854 38.2587
3879862 148.963
3881401 105.819
3881413 442.034
3881424 100.129
3882882 770.104
3887625 162.805
3895516 27.676
3895557 110.704
3897026 26.0502
3899293 100.129
3901894 6543.49
3904020 178.279
3906530 44.7694
3906567 59.424
3906756 53.7262
3910618 1034.68
3913569 195.366
3914713 60.2369
3915606 147.344
3921562 142.46
3924399 65.1218
3930306 34.9997
3937043 50.4672
3937760 51.2801
3941539 359.005
3941602 831.973
3944537 411.911
3945396 61.0499
3945886 105.014
3950133 310.961
3957831 710.679
3970859 59.424
3976506 38.2587
3983051 67.5606
3991462 28.489
3992352 12779.3
3998836 1182.84
4002139 26.0502
4002472 584.5
4003119 111.517
4003137 751.384
4005950 98.4957
4007786 39.0716
4008829 30.1148
4009733 1077.01
4021675 67.5605
4022952 849.074
4024219 45.5823
4025268 345.163
4025293 1488.93
4031926 39.8845
4032449 70.8196
4034837 411.106
4036592 138.38
4036613 140.834
4042735 27.676
