1148 30.0
5114 894.0
12704 17.0
18067 96.0
19774 52.0
19789 205.0
20778 639.0
22192 34.0
26661 174.0
29420 49.0
30185 21.0
34955 51.0
35098 32.0
39941 99.0
40787 15.0
41915 552.0
45774 1125.0
46002 412.0
48959 847.0
50812 80.0
55334 162.0
55860 21.0
58011 247.0
60386 40.0
61763 392.0
64487 689.0
66304 15.0
69084 180.0
73842 43.0
79857 966.0
85007 604.0
85060 34.0
86880 173.0
88713 28.0
96584 1066.0
99915 39.0
101897 68.0
106252 156.0
106390 71.0
110875 20.0
111638 244.0
113034 55.0
118457 148.0
120675 59.0
124282 98.0
125536 29.0
127170 299.0
131264 98.0
136629 18.0
148530 90.0
149145 233.0
151435 76.0
152628 99.0
153686 124.0
154776 71.0
157594 153.0
159078 29.0
161218 155.0
161639 83.0
163260 18.0
167651 36.0
170549 42.0
170801 18.0
174139 33.0
179090 202.0
185135 82.0
187449 377.0
190791 16.0
195014 712.0
196977 17.0
197030 17.0
200232 155.0
206817 20.0
208134 24.0
209163 22.0
209772 40.0
210531 137.0
212106 2042.0
212256 83.0
213276 22.0
215381 55.0
218771 85.0
224927 56.0
228696 68.0
233884 53.0
238183 39.0
242707 216.0
243120 15.0
247953 44.0
250577 15.0
252326 88.0
255224 24.0
256139 52.0
257281 15.0
260914 181.0
265812 20.0
270057 248.0
271597 757.0
273650 36.0
277743 78.0
282694 91.0
294567 93.0
297570 94.0
297836 15.0
298229 125.0
298904 17.0
299340 110.0
304385 113.0
305271 63.0
310216 23.0
314536 832.0
320303 81.0
322868 80.0
324069 198.0
326173 118.0
327416 192.0
328544 54.0
330602 25.0
332971 140.0
338463 290.0
342657 15.0
345437 22.0
350150 32.0
352348 17.0
357288 28.0
360199 20.0
369204 526.0
375854 68.0
376103 33.0
379287 155.0
379711 33.0
382729 1114.0
391120 146.0
391330 27.0
397418 51.0
400487 83.0
400803 31.0
402047 33.0
402442 47.0
403445 39.0
405871 87.0
405895 67.0
406173 87.0
409357 38.0
411938 23.0
413633 55.0
416833 24.0
422574 16.0
424840 22.0
425408 210.0
430522 89.0
430542 15.0
438373 29.0
444956 205.0
445255 1696.0
452631 113.0
456440 28.0
457371 24.0
462536 20.0
466776 35.0
475037 59.0
476880 46.0
477632 67.0
479415 35.0
481867 261.0
481937 69.0
483494 531.0
484582 423.0
486599 20.0
487800 61.0
488210 253.0
490052 150.0
491681 27.0
494489 202.0
495642 15.0
497948 18.0
498897 16.0
501036 223.0
502066 227.0
502218 40.0
503615 406.0
506543 62.0
507747 133.0
518417 109.0
520286 34.0
520321 34.0
521348 153.0
523927 29.0
527066 252.0
533823 1900.0
534463 19.0
536166 327.0
537247 50.0
537960 1341.0
547089 23.0
547149 74.0
553828 68.0
555712 16.0
559315 982.0
560776 153.0
560882 19.0
561664 187.0
564232 18.0
570194 34.0
575737 160.0
581246 17.0
581827 155.0
588115 233.0
589080 184.0
589204 20.0
593816 170.0
602098 45.0
604099 21.0
610143 23.0
610650 19.0
611089 21.0
622847 600.0
626583 133.0
628022 378.0
628443 241.0
629078 194.0
634772 56.0
636551 17.0
639991 35.0
641929 534.0
642135 36.0
649119 253.0
657541 76.0
660052 109.0
662539 40.0
669187 27.0
682789 21.0
683766 32.0
691768 55.0
692957 140.0
695060 45.0
695826 18.0
701437 26.0
708431 40.0
709209 34.0
711983 20.0
712235 56.0
714033 88.0
720456 342.0
721721 84.0
730793 138.0
733749 161.0
737314 19.0
745122 20.0
745474 49.0
748934 255.0
754342 37.0
756171 102.0
757263 505.0
758444 38.0
760167 22.0
761108 48.0
765501 107.0
767110 224.0
768722 27.0
769302 29.0
771603 222.0
771937 38.0
774321 1505.0
774791 19.0
775309 33.0
775972 174.0
776644 18.0
780023 1057.0
783013 73.0
784672 30.0
786471 208.0
793099 295.0
793255 16.0
793634 28.0
796828 745.0
798244 40.0
799179 252.0
800797 127.0
804963 34.0
805862 94.0
810255 63.0
811319 710.0
813312 73.0
814185 160.0
816373 768.0
817567 24.0
822935 748.0
824421 433.0
831593 50.0
834264 215.0
836034 362.0
836876 182.0
836939 411.0
839831 111.0
840219 42.0
841686 78.0
844955 44.0
846445 17.0
849001 44.0
849932 28.0
851443 159.0
851827 66.0
853543 20.0
856681 34.0
859623 47.0
867696 20.0
868849 18.0
869294 20.0
874324 292.0
874884 79.0
875769 56.0
878080 27.0
884929 313.0
885244 157.0
886899 27.0
887754 46.0
889817 15.0
891483 38.0
906907 22.0
910480 17.0
913475 156.0
915248 18.0
917262 141.0
920752 1504.0
921720 20.0
925619 17.0
927562 1011.0
935113 178.0
935891 15.0
938853 551.0
941225 25.0
942431 105.0
943104 44.0
950400 48.0
950886 36.0
953488 19.0
954307 64.0
963803 79.0
964756 448.0
967781 258.0
987579 22.0
990024 154.0
991426 49.0
993209 37.0
993231 42.0
995262 125.0
999820 22.0
1002605 99.0
1003657 25.0
1005131 358.0
1010342 41.0
1013897 27.0
1014299 136.0
1014430 93.0
1018374 168.0
1026122 20.0
1038926 76.0
1039379 117.0
1040613 39.0
1042042 161.0
1042816 15.0
1046284 28.0
1049470 27.0
1049773 17.0
1050822 91.0
1066846 22.0
1067480 147.0
1073919 512.0
1074392 16.0
1085133 19.0
1086755 73.0
1092254 18.0
1092301 98.0
1095081 206.0
1104472 28.0
1109339 288.0
1113528 188.0
1114512 43.0
1119518 79.0
1122983 19.0
1123128 175.0
1125290 19.0
1128821 65.0
1132924 70.0
1136415 548.0
1136907 582.0
1139986 217.0
1141775 218.0
1142249 16.0
1142880 19.0
1144940 22.0
1150796 15.0
1155989 74.0
1161167 168.0
1172495 20.0
1173384 170.0
1174156 48.0
1176040 37.0
1176335 99.0
1179782 126.0
1180916 216.0
1184190 109.0
1187344 82.0
1188235 97.0
1191129 160.0
1193113 201.0
1199264 829.0
1202161 740.0
1204065 1036.0
1207310 105.0
1208044 100.0
1211133 40.0
1218089 149.0
1219504 89.0
1220373 18.0
1223485 218.0
1223752 26.0
1224371 95.0
1226795 18.0
1231252 97.0
1234339 48.0
1238933 37.0
1240895 21.0
1247473 18.0
1247664 551.0
1250045 84.0
1251760 25.0
1254668 23.0
1258718 71.0
1265587 103.0
1266189 23.0
1268234 93.0
1268377 143.0
1272213 483.0
1273555 15.0
1278103 80.0
1291706 163.0
1293510 238.0
1294557 77.0
1296695 19.0
1301835 347.0
1302744 18.0
1304483 131.0
1304706 17.0
1307261 15.0
1311871 30.0
1314068 15.0
1317785 63.0
1318029 93.0
1319129 66.0
1322421 42.0
1326601 17.0
1330816 58.0
1335032 39.0
1344115 110.0
1348754 202.0
1353172 35.0
1353820 130.0
1357023 18.0
1364383 47.0
1367487 45.0
1372044 29.0
1375511 236.0
1375823 46.0
1379696 16.0
1381324 92.0
1381514 29.0
1384761 38.0
1385966 171.0
1387892 53.0
1397407 80.0
1399963 17.0
1401608 28.0
1404791 31.0
1405781 76.0
1412590 82.0
1413966 21.0
1419994 276.0
1423356 33.0
1425252 16.0
1432580 21.0
1435650 201.0
1439971 64.0
1444231 36.0
1446347 15.0
1448674 76.0
1454215 16.0
1455596 22.0
1461402 38.0
1467916 110.0
1480857 30.0
1481752 346.0
1482244 112.0
1485921 1270.0
1491241 339.0
1492300 105.0
1494953 165.0
1502983 121.0
1503068 15.0
1503635 71.0
1503808 502.0
1505058 16.0
1507423 25.0
1509947 34.0
1511716 16.0
1512455 309.0
1513286 280.0
1518469 118.0
1520573 212.0
1522552 15.0
1523860 33.0
1524403 952.0
1527560 91.0
1528340 40.0
1529754 78.0
1535342 20.0
1536617 170.0
1538104 59.0
1540798 43.0
1545017 41.0
1550033 68.0
1552655 30.0
1555501 390.0
1557386 21.0
1557673 27.0
1559345 616.0
1560705 35.0
1561558 17.0
1564228 145.0
1567389 184.0
1569272 54.0
1572404 221.0
1575133 18.0
1577274 49.0
1582621 153.0
1584020 16.0
1585495 106.0
1590160 65.0
1591639 115.0
1593749 59.0
1597502 22.0
1597724 64.0
1601241 16.0
1602563 22.0
1616878 206.0
1622207 33.0
1629049 58.0
1629752 128.0
1630483 188.0
1632980 122.0
1634092 33.0
1640008 52.0
1656363 30.0
1665320 211.0
1672248 73.0
1674303 169.0
1683329 54.0
1690118 51.0
1692194 181.0
1699611 814.0
1709261 183.0
1714654 20.0
1714831 194.0
1715901 144.0
1716145 24.0
1716435 18.0
1718865 21.0
1718895 102.0
1719242 62.0
1721222 116.0
1724551 579.0
1728137 91.0
1733226 52.0
1733242 16.0
1736205 17.0
1741089 40.0
1742529 16.0
1743078 17.0
1744707 40.0
1744933 94.0
1745996 294.0
1752823 47.0
1760306 27.0
1762341 71.0
1763871 37.0
1764589 53.0
1767293 68.0
1770635 15.0
1771244 117.0
1778120 114.0
1779323 594.0
1781935 114.0
1785593 150.0
1803707 31.0
1807586 20.0
1809296 98.0
1812350 784.0
1812844 253.0
1812873 36.0
1821035 103.0
1829151 18.0
1838295 67.0
1844628 72.0
1845285 16.0
1845483 19.0
1847068 306.0
1854729 35.0
1855468 15.0
1857175 238.0
1860681 123.0
1861773 108.0
1862920 39.0
1867254 39.0
1869133 129.0
1869144 75.0
1870669 2226.0
1871753 67.0
1874081 121.0
1877332 22.0
1878027 104.0
1880626 137.0
1881417 28.0
1881662 24.0
1882684 222.0
1883673 101.0
1887115 218.0
1888013 186.0
1896232 105.0
1898215 22.0
1900026 230.0
1900206 17.0
1901978 147.0
1904765 22.0
1906818 157.0
1908453 165.0
1911152 60.0
1917208 29.0
1919506 189.0
1923058 74.0
1923899 17.0
1926746 34.0
1937604 156.0
1944552 31.0
1945584 16.0
1947762 352.0
1948478 33.0
1949821 50.0
1953715 20.0
1953749 22.0
1954424 25.0
1955353 68.0
1976833 48.0
1977197 42.0
1983781 19.0
1987135 97.0
1987221 130.0
1988620 126.0
1989001 17.0
1990841 28.0
1998660 165.0
2000556 24.0
2002596 97.0
2005105 54.0
2006112 18.0
2008635 22.0
2015066 41.0
2020397 50.0
2027855 43.0
2030249 153.0
2041629 59.0
2042968 389.0
2043268 114.0
2044398 59.0
2047417 15.0
2050054 98.0
2055108 16.0
2055974 22.0
2059942 673.0
2060180 16.0
2061153 35.0
2066708 95.0
2067282 77.0
2069790 46973.0
2070022 142.0
2070936 77.0
2076391 89.0
2085486 137.0
2085945 53.0
2086306 17.0
2086832 23.0
2088024 74.0
2089082 88.0
2102028 17.0
2103425 220.0
2103786 112.0
2107998 160.0
2109166 150.0
2119154 66.0
2127442 18.0
2141062 125.0
2141932 21.0
2145107 338.0
2147259 6351.0
2147413 47.0
2152484 157.0
2156903 160.0
2157033 160.0
2157057 23.0
2158021 227.0
2159237 16.0
2171183 82.0
2178231 38.0
2180981 325.0
2183585 93.0
2188650 397.0
2190090 28.0
2190761 35.0
2192341 24.0
2195194 19.0
2196549 21.0
2197361 31.0
2200385 20.0
2201229 156.0
2202925 29.0
2204981 213.0
2210207 21.0
2210274 247.0
2214526 411.0
2214651 73.0
2218480 69.0
2219445 204.0
2219519 331.0
2222954 555.0
2227148 213.0
2229904 310.0
2232807 19.0
2243642 188.0
2245406 67.0
2250368 21.0
2250555 36.0
2250904 28.0
2253424 56.0
2255206 48.0
2256482 27.0
2258201 29.0
2258711 30.0
2260265 119.0
2261356 307.0
2270048 19.0
2270141 36.0
2273494 271.0
2276144 43.0
2279218 232.0
2285568 137.0
2288202 35.0
2296980 28.0
2298306 39.0
2300568 75.0
2304639 20.0
2305067 25.0
2308498 49.0
2309254 28.0
2310157 44.0
2313845 55.0
2316118 60.0
2319235 437.0
2319260 30.0
2320324 67.0
2321599 29.0
2323244 16.0
2325358 23.0
2329942 30.0
2334284 91.0
2334495 103.0
2335606 20.0
2335776 76.0
2338443 49.0
2348524 342.0
2350345 51.0
2351429 50.0
2351771 44.0
2353010 639.0
2353081 319.0
2354232 126.0
2357517 26.0
2361984 76.0
2364406 290.0
2365242 1386.0
2374657 374.0
2376869 36.0
2379675 251.0
2387562 15.0
2388769 150.0
2390968 185.0
2391969 16.0
2392066 32.0
2394657 427.0
2396053 207.0
2397182 54.0
2397635 178.0
2402321 108.0
2403572 30.0
2405749 159.0
2408992 1781.0
2409372 49.0
2413455 392.0
2414819 21.0
2417985 92.0
2418642 38.0
2418824 325.0
2423769 257.0
2425252 122.0
2434069 59.0
2435662 338.0
2437621 153.0
2441313 100.0
2443216 113.0
2444846 49.0
2444881 91.0
2445764 157.0
2445832 27.0
2446433 73.0
2447514 20.0
2448998 24.0
2449488 15.0
2451753 52.0
2460208 15.0
2461605 127.0
2461991 15.0
2463347 18.0
2463361 30.0
2466731 138.0
2467632 30.0
2467917 48.0
2470214 122.0
2472667 772.0
2478130 1198.0
2480674 387.0
2482716 373.0
2483790 17.0
2484878 325.0
2494219 16.0
2498019 129.0
2498608 15.0
2499654 16.0
2501665 216.0
2502216 285.0
2509131 105.0
2513119 22.0
2515446 62.0
2521571 36.0
2523419 518.0
2525815 66.0
2527826 176.0
2533761 19.0
2538508 174.0
2540011 117.0
2542092 17.0
2544467 19.0
2547934 22.0
2550660 26.0
2553485 125.0
2553644 16.0
2555134 22.0
2559208 92.0
2567822 28.0
2568687 173.0
2568786 135.0
2570970 108.0
2571652 20.0
2572607 16.0
2573237 182.0
2575102 48.0
2577531 77.0
2578748 23.0
2583642 15.0
2584474 19.0
2589782 436.0
2592748 445.0
2597453 284.0
2607535 87.0
2608458 32.0
2611665 658.0
2619461 31.0
2620783 74.0
2635031 125.0
2637914 42.0
2637954 21.0
2639228 1268.0
2641208 45.0
2645326 17.0
2646575 26.0
2647846 115.0
2653388 16.0
2653522 16.0
2653669 31.0
2656738 792.0
2664869 98.0
2666045 134.0
2672333 27.0
2676652 55.0
2678555 26.0
2680681 23.0
2681158 190.0
2688045 43.0
2694497 150.0
2695449 90.0
2699097 23.0
2703112 73.0
2703649 25.0
2708388 42.0
2710554 87.0
2714559 78.0
2717879 35.0
2722482 15.0
2725003 17.0
2726410 44.0
2727659 288.0
2728270 17.0
2731700 19.0
2732127 25.0
2735172 149.0
2738192 23.0
2739206 301.0
2743618 789.0
2744456 685.0
2744807 49.0
2744920 238.0
2745402 305.0
2745608 98.0
2751203 103.0
2760989 44.0
2762714 35.0
2763287 34.0
2767101 69.0
2770144 16.0
2771475 51.0
2773216 801.0
2774259 18.0
2778327 53.0
2781007 245.0
2784570 44.0
2785185 28.0
2787501 51.0
2793649 99.0
2793932 21.0
2797742 75.0
2800019 109.0
2801264 33.0
2802718 528.0
2804216 16.0
2804723 58.0
2808359 35.0
2810924 44.0
2816597 44.0
2816616 15.0
2817327 178.0
2825121 283.0
2826375 382.0
2833722 19.0
2848052 123.0
2848069 43.0
2851862 37.0
2852144 16.0
2859235 59.0
2868347 480.0
2869567 252.0
2869755 138.0
2870272 132.0
2874358 16.0
2875166 219.0
2875935 26.0
2876116 21.0
2880232 64.0
2881442 56.0
2885832 173.0
2887160 18.0
2889030 39.0
2898928 117.0
2902971 727.0
2906004 82.0
2906322 36.0
2907921 55.0
2908183 22.0
2910147 72.0
2914898 59.0
2917873 23.0
2919278 62.0
2920965 100.0
2924081 47.0
2931112 19.0
2934457 56.0
2936249 33.0
2938499 23.0
2940670 5567.0
2940739 95.0
2946616 45.0
2951219 115.0
2965608 16.0
2969913 25.0
2970726 118.0
2974312 428.0
2975420 75.0
2976192 44.0
2976725 23.0
2979890 39.0
2994175 47.0
2996695 23.0
2997483 277.0
2998223 205.0
2998266 197.0
3000365 94.0
3001722 15.0
3004585 242.0
3005700 26.0
3006741 52.0
3008056 36.0
3008306 33.0
3009450 585.0
3009491 106.0
3010116 17.0
3011967 35.0
3013097 45.0
3018409 681.0
3026803 76.0
3027486 42.0
3030485 45.0
3030947 22.0
3033038 26.0
3038002 99.0
3043960 17.0
3048077 18.0
3048140 30.0
3060391 68.0
3064684 54.0
3069411 1469.0
3076233 33.0
3082462 37.0
3082478 99.0
3082760 30.0
3083561 69.0
3086642 23.0
3091482 4472.0
3091871 769.0
3097187 28.0
3102721 16.0
3103936 36.0
3114080 154.0
3118240 21.0
3119822 53.0
3127095 18.0
3128095 27.0
3128749 34.0
3131862 457.0
3134646 90.0
3136372 472.0
3138088 42.0
3140556 21.0
3143890 17.0
3152957 2433.0
3156322 579.0
3162885 24.0
3165983 33.0
3169193 71.0
3173506 22.0
3179107 195.0
3179398 284.0
3180223 183.0
3184722 128.0
3188065 61.0
3194334 20.0
3197729 60.0
3202719 66.0
3205394 91.0
3206028 20.0
3207347 20.0
3209151 17.0
3210677 121.0
3212595 22.0
3216806 116.0
3221230 24.0
3221937 20.0
3228841 62.0
3235202 16.0
3236038 151.0
3243963 193.0
3245026 21.0
3245574 25.0
3251405 58.0
3253895 64.0
3256178 124.0
3256478 183.0
3263242 102.0
3264597 16.0
3266937 161.0
3267310 100.0
3267470 3702.0
3267934 698.0
3268682 110.0
3269770 140.0
3270753 28.0
3271856 30.0
3272330 68.0
3279769 72.0
3281518 40.0
3281574 17.0
3282035 269.0
3285827 19.0
3290345 130.0
3294538 554.0
3298452 72.0
3300890 15.0
3301307 15395.0
3316611 43.0
3320411 204.0
3321158 15.0
3326380 599.0
3331897 46.0
3335445 370.0
3337493 354.0
3337994 266.0
3339643 325.0
3340147 27.0
3340246 15.0
3340376 189.0
3342283 16.0
3347445 37.0
3347562 40.0
3351563 23.0
3361660 53.0
3363856 32.0
3373755 140.0
3375077 96.0
3375343 108.0
3376208 82.0
3377816 175.0
3378635 90.0
3380542 76.0
3386990 295.0
3387038 213.0
3394277 27.0
3395108 45.0
3395649 18.0
3397743 32.0
3398109 52.0
3400158 515.0
3403479 149.0
3405994 21.0
3412879 31.0
3426575 18049.0
3427074 105.0
3430163 88.0
3433552 33.0
3436996 55.0
3438118 58.0
3438181 135.0
3439867 15.0
3440129 23.0
3440601 29.0
3441287 101.0
3443960 1119.0
3446265 60.0
3447306 58.0
3452068 16.0
3456741 21.0
3457915 45.0
3459083 25.0
3461065 117.0
3462840 19.0
3464543 18.0
3469765 18.0
3476275 40.0
3484262 1489.0
3487602 881.0
3497633 50.0
3499657 26.0
3500733 19.0
3506537 552.0
3511267 17.0
3511381 113.0
3512258 69.0
3513287 274.0
3514402 39.0
3516563 109.0
3518562 130.0
3519219 956.0
3526370 64.0
3527159 19.0
3527972 21.0
3532143 51.0
3535935 219.0
3535977 198.0
3538646 22.0
3540545 27.0
3546114 116.0
3547236 2053.0
3547570 144.0
3547612 33.0
3549752 20.0
3552556 15.0
3556172 17.0
3556737 21.0
3557108 43.0
3558134 43.0
3561234 45.0
3566342 102.0
3571141 308.0
3572233 153.0
3573867 210.0
3576727 147.0
3577696 109.0
3578625 49.0
3583792 81.0
3585241 28.0
3587004 21.0
3589689 56.0
3590219 599.0
3591503 15.0
3592449 102.0
3596476 17.0
3605856 68.0
3606654 210.0
3607464 143.0
3607606 16.0
3610513 223.0
3613025 20.0
3615491 45.0
3615559 140.0
3615969 17.0
3617341 58.0
3621642 28.0
3622258 47.0
3624626 330.0
3624679 23.0
3625049 106.0
3625695 185.0
3629507 448.0
3631662 16.0
3638921 79.0
3639786 358.0
3646554 82.0
3648086 385.0
3648524 170.0
3649470 15.0
3651686 30.0
3652485 47.0
3653120 56.0
3655093 529.0
3655859 26.0
3655925 267.0
3656478 861.0
3659596 79.0
3661505 39.0
3662360 29.0
3666472 62.0
3669781 90.0
3670424 1643.0
3671907 1216.0
3678019 70.0
3678054 37.0
3681105 85.0
3683077 61.0
3684903 30.0
3685063 71.0
3685681 108.0
3685735 193.0
3687548 46.0
3692488 21.0
3697019 64.0
3704291 98.0
3707397 17.0
3709847 18.0
3713862 211.0
3713873 72.0
3719505 16.0
3719677 119.0
3720281 160.0
3720825 273.0
3723175 15.0
3725193 906.0
3726619 29.0
3730192 24.0
3734884 65.0
3739859 100.0
3741214 29.0
3742216 277.0
3744802 249.0
3744843 41.0
3746481 27.0
3750126 63.0
3751826 46.0
3754558 15.0
3759238 84.0
3759323 42.0
3760267 144.0
3762321 256.0
3764139 1274.0
3766314 36.0
3766896 16.0
3767269 507.0
3767304 116.0
3772719 15.0
3774137 45.0
3777387 20.0
3778563 15.0
3781500 1238.0
3782045 35.0
3783980 27.0
3785405 367.0
3786307 87.0
3788843 37.0
3790714 200.0
3798383 992.0
3805533 31.0
3806826 75.0
3808645 254.0
3815079 97.0
3816154 58.0
3818454 303.0
3820707 21.0
3821519 18.0
3821805 126.0
3824817 121.0
3826752 31.0
3827390 524.0
3834178 474.0
3834381 204.0
3837889 22.0
3841935 17.0
3843849 18.0
3853093 16.0
3854765 104.0
3865265 30.0
3866658 20.0
3869525 543.0
3877617 778.0
3879801 625.0
3882330 170.0
3883720 72.0
3885000 28.0
3886518 24.0
3886709 28.0
3889702 33.0
3890766 41.0
3891404 23.0
3891854 17.0
3895518 245.0
3897026 69.0
3899293 70.0
3901894 97.0
3904020 158.0
3904656 218.0
3906479 70.0
3914715 31.0
3915606 258.0
3923776 66.0
3924978 41.0
3925967 27.0
3926116 417.0
3926939 75.0
3928348 38.0
3929676 70.0
3932676 18.0
3933336 40.0
3934041 26.0
3937043 271.0
3937760 238.0
3941602 57.0
3941892 299.0
3944537 102.0
3944609 27.0
3945886 126.0
3947150 224.0
3955246 39.0
3957831 143.0
3964194 366.0
3967050 392.0
3968013 19.0
3975687 58.0
3976530 16.0
3976841 101.0
3981834 68.0
3983770 21.0
3992352 332.0
3993332 139.0
3993716 1481.0
3998836 1134.0
4002472 542.0
4006857 27.0
4009733 31.0
4013048 52.0
4014842 45.0
4014942 285.0
4017051 514.0
4021335 75.0
4022952 424.0
4025294 726.0
4028904 57.0
4034962 23.0
4036613 69.0
4037506 16.0
4040072 58.0
4042684 334.0
4042796 62.0
4042810 17.0
