122 76.0
3190 102.0
4799 796.0
11464 52.0
11594 22.0
13417 119.0
15813 23.0
19793 18.0
23739 152.0
32810 252.0
49062 181.0
52280 18.0
52923 111.0
56412 126.0
60462 17.0
61859 68.0
73680 196.0
74262 16.0
75807 17.0
78017 19.0
81913 115.0
83924 18.0
84058 102.0
84165 25.0
88951 343.0
96221 233.0
98037 195.0
101962 32.0
107368 72.0
116054 116.0
116834 132.0
120723 101.0
121946 32.0
122905 51.0
127853 74.0
131152 66.0
132017 69.0
133846 19.0
136197 19.0
139595 95.0
140265 55.0
140974 52.0
141603 37.0
142654 164.0
143961 106.0
150531 22.0
158298 262.0
161242 57.0
161567 28.0
163343 95.0
165000 135.0
165621 168.0
170741 793.0
170748 882.0
175179 366.0
177930 702.0
179292 913.0
189676 95.0
191869 27.0
194675 16.0
202095 16.0
203820 193.0
206759 146.0
207953 22.0
212363 76.0
220730 27.0
224394 22.0
225056 1210.0
227610 61.0
230205 202.0
232420 4612.0
243002 108.0
246989 15.0
248014 31.0
252437 657.0
256932 19.0
257601 64.0
260870 47.0
262741 16.0
262953 53.0
265957 73.0
273656 765.0
278017 137.0
282130 156.0
285227 107.0
285476 201.0
286771 896.0
287623 21.0
289742 75.0
290161 145.0
291175 26.0
292311 69.0
298679 98.0
304431 52.0
305948 72.0
312678 206.0
315569 150.0
318351 65.0
323654 22.0
328737 36.0
335959 237.0
336631 246.0
338634 253.0
339084 23.0
340560 16.0
345163 44.0
347568 35.0
348385 300.0
348896 44.0
352399 1117.0
360335 301.0
366112 87.0
367450 373.0
368293 16.0
368320 121.0
370420 340.0
372614 147.0
373982 18.0
374117 19.0
375711 23.0
378710 95.0
379459 64.0
382974 53.0
385754 127.0
385941 25.0
387425 43.0
390576 151.0
392556 18.0
397152 5967.0
397165 67.0
397466 17.0
400574 20.0
409219 429.0
411052 20.0
413723 152.0
418061 101.0
419702 40.0
423003 35.0
424385 483.0
430669 34.0
431066 16.0
435762 33.0
435856 15.0
436545 118.0
440049 24.0
440790 220.0
449427 21.0
449603 25.0
451336 39.0
456243 23.0
471473 182.0
472906 625.0
473486 49.0
475532 28.0
477921 109.0
480505 98.0
480738 23.0
480895 1000.0
482147 200.0
488353 34.0
489115 138.0
495157 18.0
496487 40.0
498272 46.0
501194 72.0
509658 74.0
518096 61.0
518474 61.0
519268 252.0
528062 19.0
528991 702.0
537943 50.0
539742 103.0
540097 498.0
541695 61.0
546230 37.0
547379 242.0
547606 295.0
562514 224.0
564671 340.0
571086 154.0
575815 183.0
588373 265.0
611257 118.0
622892 18.0
626656 180.0
628008 39.0
629528 19.0
634996 258.0
643269 68.0
647920 31.0
651322 53.0
666600 116.0
670284 35.0
681907 27.0
682022 31.0
682520 36.0
683776 213.0
684753 207.0
690133 17.0
691049 42.0
693113 24.0
696332 34.0
698401 18.0
698862 17.0
700416 29.0
709840 18.0
710675 25.0
713153 16.0
715089 17.0
720430 212.0
721924 63.0
724984 17.0
733218 619.0
742200 67.0
742412 42.0
756229 48.0
757978 1001.0
760544 24.0
761474 4241.0
767181 33.0
767245 134.0
770566 26.0
772386 23.0
783127 221.0
783796 79.0
785054 187.0
789417 115.0
790479 126.0
799162 38.0
801752 240.0
805035 142.0
808729 741.0
815371 525.0
816090 17.0
817568 39.0
823105 192.0
826659 16.0
827438 30.0
829105 80.0
829923 52.0
838416 16.0
840137 11251.0
840952 17.0
846274 63.0
846628 49.0
849236 28.0
853682 23.0
853699 53.0
861164 504.0
863075 30.0
864728 53.0
870160 15.0
870421 41.0
871141 37.0
892718 272.0
903193 77.0
906966 152.0
909868 38.0
917293 40.0
931655 80.0
932452 15.0
935102 42.0
935271 29.0
938932 42.0
940600 46.0
945983 47.0
952831 35.0
956205 15.0
956511 17.0
956771 19.0
964868 164.0
968889 15.0
969829 35.0
970059 308.0
971982 17.0
972655 218.0
973984 565.0
975856 311.0
989539 30.0
993947 50.0
995336 99.0
996223 265.0
997714 65.0
998135 29.0
998539 130.0
998967 15.0
1000558 25.0
1001397 106.0
1001580 18.0
1003225 25.0
1004696 54.0
1005247 379.0
1014509 292.0
1021820 35.0
1026407 1132.0
1027956 18.0
1038054 196.0
1040169 48.0
1040719 109.0
1042126 23.0
1042963 23.0
1046086 216.0
1050202 148.0
1051249 1001.0
1053831 684.0
1056922 40.0
1057167 79.0
1061601 203.0
1068006 81.0
1070797 36.0
1073899 95.0
1077213 39.0
1078784 30.0
1079915 44.0
1085196 56.0
1086271 15.0
1088387 16.0
1093908 48.0
1095291 21.0
1095700 16.0
1104835 26.0
1105990 20.0
1111872 245.0
1123204 33.0
1128252 21.0
1128419 1523.0
1128805 353.0
1131366 17.0
1133608 36.0
1142486 213.0
1145417 315.0
1146283 206.0
1149428 72.0
1159633 4333.0
1168395 37.0
1171125 72.0
1176250 4243.0
1178655 69.0
1183219 40.0
1184254 329.0
1184863 62.0
1186884 50.0
1191654 60.0
1193229 32.0
1193241 23.0
1193250 170.0
1202143 17.0
1212076 160.0
1213981 220.0
1218504 891.0
1226702 23.0
1227687 254.0
1229937 124.0
1231559 150.0
1232972 392.0
1235689 192.0
1236098 32.0
1240730 40.0
1240904 30.0
1241362 31.0
1245083 148.0
1245156 249.0
1246251 366.0
1246920 56.0
1246943 28.0
1247215 36.0
1254720 34.0
1255714 31.0
1257862 39.0
1262779 38.0
1263568 15.0
1266870 765.0
1269612 15.0
1276852 16.0
1278292 18.0
1294595 4338.0
1302500 104.0
1304672 3649.0
1305181 28.0
1307837 40.0
1309772 81.0
1314792 20.0
1315514 18.0
1316239 114.0
1317102 26.0
1330645 116.0
1336743 15.0
1338882 89.0
1347526 15.0
1351367 87.0
1352338 35.0
1357073 29.0
1362383 216.0
1366701 23.0
1369331 93.0
1372339 16.0
1372393 21.0
1381418 115.0
1385895 258.0
1386299 336.0
1387952 19.0
1387964 56.0
1389339 112.0
1401700 173.0
1407004 37.0
1409969 559.0
1410447 34.0
1412679 51.0
1415399 22.0
1423003 1199.0
1423164 68736.0
1425640 123.0
1427707 26.0
1430026 178.0
1430055 802.0
1431032 764.0
1440327 1085.0
1442937 200.0
1457249 24.0
1458007 27.0
1458294 218.0
1460306 645.0
1461855 28.0
1474310 19.0
1477574 107.0
1480063 18.0
1480085 23.0
1482331 112.0
1491757 559.0
1491967 265.0
1495469 83.0
1503930 59.0
1505157 30.0
1510305 204.0
1513301 50.0
1515188 132.0
1520908 136.0
1523061 22.0
1523107 32.0
1523833 60.0
1526513 28.0
1529938 260.0
1532815 436.0
1534113 17.0
1534738 86.0
1536490 48.0
1536689 236.0
1540672 40.0
1541253 124.0
1541799 16.0
1544933 43.0
1544986 73.0
1545006 97.0
1551640 15.0
1552477 65.0
1552638 215.0
1552807 1400.0
1555582 38.0
1557694 393.0
1560767 79.0
1564861 2329.0
1565471 17.0
1573315 25.0
1574634 184.0
1582559 57.0
1582663 25.0
1582899 15.0
1583402 108.0
1583710 17.0
1590681 130.0
1596124 27.0
1596698 34.0
1598349 161.0
1601461 82.0
1610768 368.0
1612445 106.0
1613317 21.0
1621164 20.0
1621899 16.0
1624238 30.0
1633203 32.0
1637774 37.0
1642303 213.0
1649471 37.0
1650282 20.0
1655020 21.0
1658417 18.0
1662393 32.0
1664042 62.0
1665472 171.0
1674287 15.0
1683544 39.0
1683868 107.0
1684733 39.0
1690292 50.0
1698210 17.0
1702213 260.0
1703223 28.0
1704530 470.0
1722112 73.0
1726781 49.0
1728155 73.0
1730240 453.0
1733066 282.0
1737257 204.0
1747546 50.0
1749116 107.0
1751635 70.0
1769700 45.0
1771267 256.0
1773963 195.0
1776484 826.0
1778893 130.0
1782009 246.0
1782084 78.0
1786266 29.0
1786445 61.0
1790610 43.0
1797708 27.0
1803719 80.0
1804466 16.0
1809279 99.0
1810266 102.0
1814028 64.0
1815937 296.0
1821018 55.0
1829691 47.0
1835947 86.0
1837633 83.0
1840160 24.0
1844803 19.0
1845394 67.0
1850546 92.0
1851012 383.0
1852884 133.0
1865192 22.0
1870808 478.0
1876845 582.0
1886485 22.0
1891809 18.0
1891935 354.0
1895422 257.0
1898128 293.0
1909452 23.0
1913996 50.0
1915870 4284.0
1917225 17.0
1917254 121.0
1919584 1040.0
1921831 377.0
1923470 27.0
1923694 511.0
1933253 21.0
1934502 397.0
1937687 142.0
1938708 21.0
1945784 287.0
1945909 216.0
1950985 3369.0
1955386 20.0
1955989 78.0
1968272 76.0
1970181 25.0
1971428 15.0
1975984 15.0
1976340 23.0
1978184 24.0
1985425 58.0
1993860 153.0
1997162 170.0
1998726 217.0
2003589 95.0
2013031 35.0
2016621 53.0
2021692 15.0
2025236 18.0
2026774 27.0
2027032 32.0
2039150 109.0
2068086 256.0
2068238 53.0
2073795 23.0
2075174 613.0
2076486 17.0
2083537 37.0
2085446 82.0
2088068 880.0
2088259 506.0
2090253 50.0
2090336 357.0
2097099 345.0
2102075 156.0
2103422 16.0
2106978 23.0
2107550 22.0
2108134 82.0
2109399 15.0
2115320 64.0
2115338 25.0
2117729 26.0
2117949 17.0
2122399 28.0
2123405 194.0
2124221 27.0
2127285 22.0
2128784 291.0
2133199 17.0
2140787 15.0
2147428 22.0
2150042 17.0
2151281 18.0
2152629 80.0
2163361 45.0
2164228 82.0
2168884 262.0
2179994 88.0
2183967 56.0
2185416 56.0
2188803 39.0
2192474 236.0
2194528 80.0
2194538 903.0
2200829 47.0
2208834 180.0
2210418 86.0
2223019 37.0
2225106 471.0
2230180 125.0
2237611 56.0
2239175 161.0
2240844 67.0
2243719 82.0
2245354 153.0
2247560 214.0
2258662 62.0
2271308 53.0
2279405 36.0
2279498 15.0
2281423 77.0
2291412 1015.0
2292053 23.0
2299113 194.0
2300737 97.0
2305971 70.0
2310814 331.0
2310825 51.0
2314449 40.0
2314964 21.0
2316165 32.0
2316896 124.0
2317212 74.0
2321421 155.0
2324863 161.0
2328969 272.0
2334217 42.0
2335854 2468.0
2338502 10404.0
2338615 20557.0
2340878 129.0
2342154 18.0
2344513 148.0
2346128 30.0
2348547 45.0
2350185 187.0
2354892 142.0
2355989 103.0
2357949 144.0
2365417 30.0
2378380 28.0
2385974 74.0
2397735 556.0
2400192 15.0
2401115 68.0
2404309 675.0
2409333 27.0
2418653 123.0
2421971 30.0
2424290 114.0
2426721 115.0
2428924 1167.0
2429056 151.0
2432828 42.0
2439140 23.0
2441054 104.0
2451248 76.0
2454376 20.0
2454489 253.0
2456944 130.0
2457093 46.0
2459857 268.0
2465215 1561.0
2466880 140.0
2467897 58.0
2469691 18.0
2470342 383.0
2471231 41.0
2472776 490.0
2473529 113.0
2475498 458.0
2478645 29.0
2480773 172.0
2481696 26.0
2484992 121.0
2486255 240.0
2487854 59.0
2488405 63.0
2489807 57.0
2493452 48.0
2497308 18.0
2505896 68.0
2511305 129.0
2512194 27.0
2514086 839.0
2521642 102.0
2522344 23.0
2534303 144.0
2539460 21.0
2540344 20.0
2546347 58.0
2555291 15.0
2556892 116.0
2557938 22.0
2559378 38.0
2560106 975.0
2567914 22.0
2570889 32.0
2577667 254.0
2582039 16.0
2583625 259.0
2591894 136.0
2597838 58.0
2599561 59.0
2604333 359.0
2607956 1025.0
2610131 22.0
2613113 103.0
2619105 46.0
2619335 47.0
2632843 68.0
2641076 56.0
2645875 16.0
2651955 18.0
2653639 68.0
2659176 103.0
2664933 50.0
2670966 24.0
2671671 44.0
2672303 202.0
2676516 56.0
2676573 335.0
2678367 55.0
2680697 62.0
2681269 15.0
2682632 22.0
2684051 243.0
2684623 103.0
2688132 63.0
2690943 27.0
2691143 49.0
2691646 39.0
2699284 36.0
2702239 459.0
2713242 37.0
2715000 69.0
2716613 44.0
2719265 43.0
2721269 23.0
2723575 88.0
2724537 312.0
2729879 25.0
2731667 37.0
2732389 668.0
2733645 83.0
2739286 74.0
2745116 26.0
2747155 21.0
2747660 29.0
2753851 329.0
2755270 112.0
2756790 22.0
2756835 25.0
2765504 42.0
2767181 257.0
2768558 18.0
2770577 44.0
2780910 53.0
2782082 26.0
2785306 126.0
2787593 163.0
2810908 226.0
2817628 24.0
2821347 136.0
2832891 15.0
2833779 168.0
2845971 60.0
2847560 40.0
2849436 38.0
2851489 29.0
2868486 60.0
2870361 100.0
2874505 15.0
2875084 16.0
2875106 38.0
2879763 16.0
2885789 150.0
2889145 337.0
2889891 40.0
2891053 1263.0
2898991 45.0
2901445 93.0
2905988 514.0
2910262 208.0
2920958 30.0
2921741 82.0
2922245 364.0
2923196 418.0
2924107 205.0
2927112 17.0
2933639 221.0
2936654 453.0
2938706 18.0
2940490 398.0
2943877 93.0
2946082 55.0
2947086 15.0
2947827 17.0
2950989 42.0
2960058 67.0
2960593 203.0
2961775 15.0
2962962 43.0
2970109 75.0
2970518 16.0
2974830 112.0
2979411 115.0
2980502 21.0
2981076 46.0
2984042 28.0
2989237 20.0
2994266 45.0
3004656 20.0
3007951 46.0
3015571 68.0
3021418 40.0
3024558 73.0
3031141 52.0
3044867 872.0
3051102 989.0
3060295 18.0
3061472 20.0
3061621 38.0
3067110 43.0
3071572 44.0
3072432 42.0
3075513 73.0
3076071 15.0
3086152 27.0
3086653 52.0
3086778 210.0
3089707 47.0
3092164 145.0
3097219 30.0
3097248 35.0
3099386 26.0
3101479 220.0
3103501 80.0
3103715 55.0
3106845 30.0
3109243 38.0
3111268 124.0
3111902 133.0
3113121 244.0
3113324 17.0
3113527 39.0
3119767 24.0
3119851 245.0
3122771 58.0
3128811 279.0
3129406 16.0
3132046 253.0
3135825 26.0
3138328 71.0
3140765 44.0
3142543 45.0
3142946 16.0
3148418 38.0
3150636 24.0
3153160 109.0
3157411 24.0
3159561 293.0
3161364 18.0
3165236 629.0
3166405 16.0
3173054 15.0
3174439 26.0
3180791 16.0
3188051 54.0
3193526 103.0
3212691 137.0
3213014 48.0
3225530 41.0
3240348 242.0
3242221 69.0
3256497 43.0
3259304 468.0
3261957 70.0
3264787 162.0
3268034 1287.0
3269117 20.0
3269879 62.0
3275450 22.0
3282701 16.0
3284112 92.0
3285391 34.0
3285701 34.0
3285995 98.0
3291340 27.0
3294320 100.0
3295352 298.0
3300873 311.0
3300983 28.0
3303949 29.0
3308514 34.0
3311266 83.0
3322658 810.0
3325047 25.0
3325411 1527.0
3326245 29.0
3327060 20.0
3327890 328.0
3332888 18.0
3333430 60.0
3338125 21.0
3339627 22.0
3340268 45.0
3345795 72.0
3347676 49.0
3348879 23.0
3355485 96.0
3355551 262.0
3357380 416.0
3363862 35.0
3366374 342.0
3368112 21.0
3373019 46.0
3375420 46.0
3376200 15.0
3376349 435.0
3377950 50.0
3378652 147.0
3382985 28.0
3397154 18.0
3397198 348.0
3398793 19.0
3407089 353.0
3413676 339.0
3414903 16.0
3415819 29.0
3417296 22.0
3427166 229.0
3428389 203.0
3431848 37.0
3434830 28.0
3437306 255.0
3440661 40.0
3450927 47.0
3451781 40.0
3453897 56.0
3456818 66.0
3458403 134.0
3462949 24.0
3463651 18.0
3472678 143.0
3475089 19.0
3475548 19.0
3476258 98.0
3485294 61.0
3487743 38.0
3495694 29.0
3501579 44.0
3506573 16.0
3506664 217.0
3508655 519.0
3510717 16.0
3526456 32.0
3531887 17.0
3534818 33.0
3536060 1569.0
3541950 22.0
3547674 167.0
3548375 54.0
3553790 33.0
3566429 87.0
3566836 71.0
3570100 811.0
3572261 52.0
3578875 1147.0
3580773 15.0
3589375 198.0
3590121 15.0
3590205 125.0
3593285 242.0
3594318 151.0
3596946 168.0
3597555 75.0
3597696 15.0
3597865 1269.0
3602474 92.0
3605938 200.0
3607344 17.0
3608537 416.0
3611249 64.0
3611274 44.0
3616175 141.0
3617419 55.0
3617539 22.0
3618078 320.0
3618649 21.0
3619083 169.0
3619629 62.0
3623080 15.0
3624709 23.0
3625117 30.0
3637666 134.0
3639847 433.0
3641722 33.0
3644280 49.0
3648686 87.0
3651128 100.0
3652938 32.0
3656039 43.0
3658558 28.0
3661632 180.0
3664090 270.0
3676797 458.0
3677510 32.0
3678001 1052.0
3678735 157.0
3679419 22.0
3679674 23.0
3680958 827.0
3685728 34.0
3692947 55.0
3694097 73.0
3695078 37.0
3697383 42.0
3699400 24.0
3700034 236.0
3704176 38.0
3704558 16.0
3704836 35.0
3707549 37.0
3708798 66.0
3710008 48.0
3712868 25.0
3715402 27.0
3718466 67.0
3720215 22.0
3730373 105.0
3735005 26.0
3736878 385.0
3737998 40.0
3740751 76.0
3744910 196.0
3752283 20.0
3752731 313.0
3754120 75.0
3756343 15.0
3761799 67.0
3763363 41.0
3767676 44.0
3768188 138.0
3771708 16.0
3772226 36.0
3777488 34.0
3781629 19.0
3783651 600.0
3802422 27.0
3805613 36.0
3805722 22.0
3806138 357.0
3806810 46.0
3815351 109.0
3816165 84.0
3822181 16.0
3828998 22.0
3830130 28376.0
3830863 20.0
3834296 397.0
3834851 15.0
3837865 106.0
3843950 242.0
3847404 23.0
3853019 38.0
3854862 1837.0
3856514 21.0
3857942 21.0
3860008 54.0
3860982 21.0
3861069 96.0
3862712 65.0
3865749 127.0
3866544 244.0
3867188 26.0
3874440 3086.0
3876432 18.0
3885172 29.0
3891918 70.0
3895656 59.0
3896952 32.0
3897939 60.0
3899376 120.0
3904139 332.0
3912475 17.0
3915780 150.0
3919777 207.0
3921682 246.0
3928131 46.0
3928856 127.0
3930450 81.0
3930766 21.0
3931538 535.0
3932758 177.0
3934597 175.0
3934745 45.0
3939103 34.0
3942525 51.0
3946037 6633.0
3946278 4282.0
3952613 678.0
3953403 178.0
3955324 196.0
3957923 18.0
3958646 233.0
3960096 26.0
3960307 73.0
3962896 46.0
3964341 56.0
3969452 53.0
3971147 166.0
3974723 16.0
3975257 77.0
3975770 139.0
3975954 18.0
3978116 22.0
3981937 223.0
3982574 460.0
3986469 115.0
3987216 1646.0
3987369 103.0
3989104 109.0
3992346 18.0
3992451 120.0
3993710 257.0
3994605 135.0
3998238 557.0
4002998 41.0
4004224 230.0
4009640 139.0
4013112 32.0
4019314 21.0
4021668 497.0
4022010 136.0
4024080 57.0
4025441 128.0
4032646 15.0
4036636 48.0
